50	765	1
50	1267	1
50	2201	1
50	3532	2
50	3996	2
139	765	5
139	910	1
139	1477	1
139	1681	2
139	1769	1
139	1784	1
139	2201	1
139	2330	1
139	3287	1
139	3399	1
139	3953	1
139	3996	5
139	4024	1
139	4139	1
139	4717	1
139	4883	2
139	4915	1
139	5107	2
151	304	2
151	494	7
151	763	1
151	765	4
151	910	2
151	993	1
151	1033	5
151	1038	8
151	1185	1
151	1267	1
151	1307	2
151	1348	8
151	1501	1
151	1681	1
151	1736	4
151	1769	4
151	1823	1
151	2065	1
151	2123	1
151	2330	10
151	2789	1
151	3536	1
151	3710	2
151	3731	3
151	3762	1
151	3917	1
151	3953	11
151	3981	2
151	3996	19
151	4024	6
151	4139	3
151	4589	2
151	4883	6
151	4900	1
151	4915	2
151	4995	1
151	5107	3
151	5112	1
151	5287	1
244	765	2
244	1606	2
244	1681	1
304	424	1
304	763	1
304	765	3
304	1267	1
304	1769	2
304	1804	1
304	2201	1
304	2330	1
304	2626	2
304	3996	1
304	4139	2
304	4717	1
304	4747	1
304	4995	1
333	763	3
333	765	2
333	941	1
333	1519	1
333	1681	4
333	1804	1
333	1823	1
333	2330	1
333	3576	1
333	3762	1
333	3953	1
333	3996	1
333	4900	1
333	5287	1
424	763	2
424	765	3
424	910	1
424	941	3
424	993	1
424	1267	1
424	1477	1
424	1501	1
424	1681	1
424	1804	1
424	1823	1
424	2065	1
424	2201	1
424	2521	1
424	2626	1
424	2776	1
424	2801	2
424	3232	1
424	3287	1
424	3616	1
424	3953	4
424	3996	2
424	4024	1
424	4553	3
424	4589	2
424	4717	1
424	4747	2
424	4814	1
424	4915	1
494	765	2
494	1038	2
494	1185	2
494	1736	1
494	1769	2
494	2065	2
494	2330	4
494	2801	1
494	3532	1
494	3731	1
494	3948	1
494	3953	6
494	3981	1
494	3996	6
494	4024	1
494	4915	1
763	1033	1
763	1210	1
763	1267	1
763	1348	1
763	1681	2
763	1769	1
763	1784	1
763	1804	2
763	1823	2
763	2065	1
763	2123	1
763	2330	3
763	2521	1
763	3399	3
763	3420	1
763	3616	1
763	3924	4
763	3953	4
763	3996	2
763	4717	1
763	4814	1
763	4883	1
763	4900	2
763	5287	2
765	910	1
765	1038	1
765	1185	1
765	1210	1
765	1267	6
765	1307	5
765	1477	1
765	1501	1
765	1606	1
765	1681	4
765	1736	1
765	1769	4
765	1784	1
765	1823	4
765	2065	1
765	2073	1
765	2123	2
765	2246	3
765	2330	1
765	2521	3
765	2626	1
765	3232	4
765	3287	1
765	3399	7
765	3576	3
765	3616	2
765	3710	3
765	3731	1
765	3762	1
765	3924	2
765	3953	13
765	3981	1
765	3996	10
765	4024	1
765	4553	2
765	4589	1
765	4717	2
765	4747	2
765	4814	4
765	4883	3
765	4900	3
765	4915	3
765	4995	3
765	5112	2
765	5287	6
910	1267	1
910	1307	1
910	1519	1
910	1681	1
910	1736	2
910	1769	1
910	1804	2
910	2073	1
910	2330	1
910	2365	1
910	2521	1
910	3287	1
910	3576	1
910	3710	2
910	3731	1
910	3762	3
910	3948	1
910	3996	2
910	4024	1
910	4139	1
941	1033	1
941	1519	1
941	1784	1
941	2065	2
941	2801	1
941	3710	1
941	3996	1
941	4024	1
941	4747	2
941	4883	1
993	1038	1
993	1348	1
993	1477	1
993	1736	1
993	1823	1
993	2201	2
993	2330	1
993	2776	2
993	3953	1
993	3996	1
993	4553	1
993	4589	2
993	4883	1
993	4995	1
1033	1038	1
1033	1348	10
1033	2330	1
1033	3953	3
1033	3996	5
1033	4915	2
1033	5107	1
1038	1348	7
1038	1769	1
1038	2330	1
1038	3953	6
1038	3996	5
1038	4024	3
1038	4589	2
1038	4915	1
1038	5107	1
1185	3731	1
1185	3953	2
1185	3996	2
1185	4915	1
1210	1681	2
1210	2789	2
1210	3420	6
1210	3536	1
1210	3576	2
1210	3953	2
1210	3981	1
1210	4883	1
1267	1307	1
1267	1681	1
1267	1769	3
1267	2201	1
1267	2626	1
1267	3287	1
1267	3420	1
1267	3731	1
1267	3762	1
1267	3917	1
1267	3953	1
1267	3996	5
1267	4024	1
1267	4402	2
1267	4717	2
1267	4747	1
1267	4915	1
1307	1477	1
1307	1606	1
1307	1784	1
1307	2123	1
1307	2246	1
1307	3953	2
1307	3996	1
1307	4717	1
1307	4900	1
1348	2330	1
1348	2365	1
1348	3953	8
1348	3981	1
1348	3996	8
1348	4024	1
1348	4589	1
1348	4915	2
1348	5107	1
1477	1606	1
1477	1681	1
1477	1823	1
1477	3924	1
1477	3996	2
1477	4553	1
1477	4589	1
1501	2065	1
1501	2365	1
1501	3953	2
1501	3996	7
1501	4402	2
1519	1823	1
1519	1899	1
1519	3710	2
1519	3762	1
1519	3953	2
1606	1681	1
1606	2365	1
1606	3532	1
1606	3710	1
1606	3953	1
1606	3996	1
1681	1804	1
1681	1823	3
1681	2065	1
1681	2330	2
1681	2789	4
1681	2801	1
1681	3287	3
1681	3420	5
1681	3536	7
1681	3576	4
1681	3616	1
1681	3762	1
1681	3924	1
1681	3953	4
1681	3996	6
1681	4024	1
1681	4553	2
1681	4814	2
1681	4883	1
1681	4915	1
1681	4995	2
1681	5107	1
1736	1769	1
1736	2201	1
1736	2330	3
1736	2776	1
1736	3731	1
1736	3996	1
1736	4024	1
1736	4915	1
1769	2330	2
1769	2626	2
1769	2801	1
1769	3953	1
1769	3996	3
1769	4024	3
1769	4139	2
1769	4553	1
1769	4883	1
1769	4915	2
1784	2065	2
1784	3399	1
1784	4717	1
1784	4915	1
1804	2123	1
1804	2201	1
1804	2521	1
1804	2626	1
1804	3232	1
1804	3576	2
1804	3953	1
1804	4024	1
1804	4589	1
1804	4814	1
1804	4883	1
1804	4900	1
1804	4995	1
1804	5287	1
1823	2065	1
1823	2330	1
1823	2365	1
1823	2801	3
1823	3287	1
1823	3399	1
1823	3532	1
1823	3616	1
1823	3710	2
1823	3924	2
1823	3953	1
1823	3996	1
1823	4747	1
1823	4883	1
1899	2065	1
1899	2201	1
1899	2330	1
1899	3287	1
1899	3576	1
1899	3953	2
2065	2330	1
2065	2801	2
2065	3287	1
2065	3420	1
2065	3576	1
2065	3616	1
2065	3731	1
2065	3917	1
2065	3924	1
2065	3948	1
2065	3953	1
2065	3996	1
2065	4883	2
2065	4900	1
2073	2521	1
2073	3232	1
2073	3532	1
2073	3576	1
2073	3616	2
2073	3710	1
2073	4024	1
2073	4900	1
2123	3232	1
2123	3532	1
2123	3710	1
2123	3762	1
2123	4814	2
2201	2626	1
2201	2776	2
2201	2801	1
2201	3287	1
2201	3924	1
2201	3953	1
2201	3996	1
2201	4717	1
2201	4883	1
2201	4995	1
2246	3953	1
2246	3996	1
2246	5112	1
2330	3287	1
2330	3536	1
2330	3731	1
2330	3917	1
2330	3948	1
2330	3953	4
2330	3996	10
2330	4024	2
2330	4717	1
2330	4915	2
2330	4995	1
2365	2801	1
2365	3287	1
2365	3576	1
2365	3953	2
2365	3996	2
2365	4589	1
2365	4883	1
2365	5107	1
2521	3287	1
2521	4024	1
2626	3232	1
2626	3616	1
2626	3953	1
2626	3996	2
2626	4883	1
2626	4915	1
2626	4995	1
2776	2789	1
2776	3917	1
2776	3953	1
2776	3996	1
2776	4995	1
2789	3287	2
2789	3420	2
2789	3576	4
2789	3762	1
2789	3953	2
2789	4814	1
2789	5287	2
2801	3287	1
2801	3616	1
2801	3953	2
2801	3996	8
2801	4024	1
2801	4139	1
2801	4402	1
2801	4747	2
2801	4883	3
3232	3287	3
3232	3576	2
3232	3616	4
3232	3953	3
3232	3981	1
3232	4814	2
3232	4900	2
3232	5287	4
3287	3420	1
3287	3536	1
3287	3576	3
3287	3616	1
3287	3953	1
3287	3996	1
3287	4553	1
3287	5287	3
3399	3710	1
3399	3924	1
3399	3953	1
3399	4717	1
3399	5287	1
3420	3536	1
3420	3953	2
3420	3996	1
3420	4553	1
3420	4883	1
3536	3576	2
3536	3953	1
3536	3996	1
3536	4024	1
3536	4553	1
3536	4883	1
3536	5112	1
3576	3953	3
3576	3981	1
3576	3996	1
3576	4024	1
3576	4589	2
3576	4814	2
3576	4883	2
3576	4900	1
3576	5287	5
3616	3953	1
3616	3981	1
3616	3996	1
3616	4814	2
3616	4900	2
3616	4995	2
3616	5107	1
3710	3762	3
3710	3924	1
3710	3953	1
3710	4747	1
3731	3953	1
3731	3996	1
3731	4024	2
3731	4883	1
3762	4139	1
3762	4883	1
3762	4995	2
3917	3948	1
3917	3996	4
3917	4024	1
3917	5112	1
3924	4024	1
3924	4814	1
3924	4995	1
3948	3996	1
3948	4589	1
3953	3981	1
3953	3996	17
3953	4024	1
3953	4402	3
3953	4589	1
3953	4747	3
3953	4883	10
3953	4900	2
3953	5107	2
3953	5287	4
3981	4915	1
3996	4024	9
3996	4139	2
3996	4402	10
3996	4553	1
3996	4589	4
3996	4747	3
3996	4883	7
3996	4915	4
3996	4995	1
3996	5107	3
3996	5112	1
4024	4589	1
4024	4883	1
4024	4995	1
4024	5112	1
4139	4883	1
4402	4883	3
4553	4589	1
4553	4915	1
4589	4883	1
4589	4995	1
4589	5287	1
4717	4915	1
4747	4883	1
4814	4995	2
4883	4900	1
4883	4915	2
4883	5107	1
4900	5287	2
4995	5107	2
